NAME : portgen-3162-3162.40634909.tour
COMMENT : Length = 40634909
COMMENT : Found by LKH [Keld Helsgaun] Wed Mar  9 17:17:32 2022
TYPE : TOUR
DIMENSION : 3162
TOUR_SECTION
1
1145
2798
636
2134
3017
1984
1597
253
1860
222
2182
1721
312
1441
2002
891
1535
285
2993
1201
871
660
1044
92
149
148
2963
161
2615
2804
453
1601
959
1314
2524
2060
237
2036
1866
928
2148
3128
2238
2247
1077
2304
1438
2097
1168
274
1640
186
268
1141
700
1820
114
2089
1492
1998
2918
422
916
43
1794
1994
811
2229
1112
3028
109
133
1162
1374
12
2759
491
2256
89
240
1052
1091
1780
3010
1128
1943
1768
1523
1676
2117
263
349
2144
1347
1157
2560
1704
2116
581
679
2188
560
608
780
1602
1232
1679
850
2840
1685
1121
564
1320
944
489
952
2581
570
2735
1057
352
2068
496
2174
846
3143
382
2914
2366
90
3012
452
1677
831
1272
1025
686
2853
2152
1317
1556
693
1857
2374
1099
190
2890
346
1514
566
2526
2587
2225
2338
523
185
2001
486
8
2740
2891
265
1024
2426
1500
577
3056
2729
2715
1509
2340
3011
842
1941
1430
2774
2228
129
1386
3039
1491
1515
1071
703
576
877
1831
282
1283
2933
1242
750
672
353
1581
1172
289
1967
2666
1211
1575
2139
2667
431
836
3078
490
1842
547
410
1476
2050
575
676
2480
317
3150
1463
1278
1600
1952
2147
1996
2079
1333
205
964
1271
158
2794
2513
56
779
1614
1663
1978
2371
1198
425
3027
1291
436
1553
2289
1108
1787
2860
2040
524
298
2485
534
1262
258
2167
1309
851
512
980
2598
2692
2195
2589
52
2114
2980
1312
414
2482
1771
433
2662
1203
2606
2603
1122
787
1504
2362
680
527
1490
3030
969
3080
2
83
1917
640
855
1360
1578
1608
962
61
2439
1022
3094
2395
1337
3093
2096
2689
1428
892
2470
1549
906
1839
2571
898
1746
3058
1305
146
1180
2223
290
1889
995
4
1318
1456
828
2155
1477
2920
1767
1464
2602
1613
291
1975
50
2222
967
2015
2634
2069
860
1245
2263
675
1790
2283
1569
2746
2344
1018
2449
994
1102
1026
1890
2930
2850
234
93
2872
1817
903
2031
2402
2943
2389
293
2265
2131
1050
1617
555
224
3106
2899
633
874
1238
2878
2239
1080
1894
277
775
2171
2532
451
3084
763
1904
2235
51
1551
409
386
2848
1207
2772
1735
228
2465
1155
563
2183
167
1310
454
13
2554
625
1061
1928
335
183
2447
2631
2161
2388
1149
2628
2827
2904
404
1332
2786
1752
1924
2211
762
1107
2566
2978
2018
1715
497
3116
1708
2743
2770
127
1944
2380
1205
2257
3047
543
1147
521
3020
49
629
3155
766
2347
1542
1880
1466
1270
38
498
1532
300
2047
1092
2659
2670
248
2477
243
1398
2739
3032
459
3154
1540
1687
2259
2733
3041
35
2530
1381
2219
2215
446
1370
2014
585
445
2194
876
2607
616
81
1239
1609
2332
310
239
596
734
1856
392
355
786
2591
2315
2863
2170
2270
2931
2821
315
1693
2316
1726
1248
2045
515
1974
1335
95
1712
123
3096
2279
655
1142
1727
1378
1713
1957
1353
2056
814
2479
2220
507
3122
988
2625
1411
3125
348
695
416
1982
2383
3111
2778
2712
1486
1607
199
2800
2630
1937
3112
756
1281
973
2647
164
2199
1669
2957
1647
942
1785
470
2165
910
1144
1031
1395
3060
1103
1643
2027
2302
1166
1436
247
1085
499
1777
929
2742
284
2111
1716
1837
249
2704
1674
255
3121
1479
1849
347
2880
1153
2652
809
1795
3120
269
2010
440
59
2041
3018
2685
250
849
1273
3019
1675
2869
1399
1745
875
1948
2059
829
2435
267
2032
545
2020
1784
1502
1656
1827
450
1869
1995
2601
1401
2866
407
513
2019
1911
2834
26
252
2043
2204
631
719
1772
1385
2669
2127
2584
522
1586
2369
159
2923
97
180
1933
611
735
2555
305
2997
505
3081
1822
2262
2808
1824
1342
1053
96
111
1160
662
621
1224
974
1959
1833
2817
2367
153
1598
847
297
2429
658
726
2932
3099
806
1193
2956
827
1443
1277
1729
2544
2048
785
1280
727
2191
2153
965
865
2901
2523
622
1809
120
1423
2875
2831
1375
1633
2006
1345
2528
2857
1720
1891
1582
217
1930
2611
140
2705
1806
992
3102
907
2868
1706
2572
213
2887
6
1079
251
945
1991
2648
2203
3152
2612
220
1828
1461
1094
2838
1344
1888
1895
2783
3103
1520
627
2937
2873
1649
2431
2322
292
457
2318
1900
635
1483
1343
415
1739
1032
1691
2066
2011
1472
1240
1644
2613
2986
272
2952
2619
2824
1747
2559
2392
1781
1429
2699
2533
702
1653
441
1863
743
718
1548
1568
802
1069
1213
569
1296
2622
1325
2807
329
2972
2688
3067
48
1237
2632
2965
1313
620
2728
1261
1384
2083
1961
2489
873
3132
1538
1945
1000
807
923
1927
1976
943
889
2192
2990
535
1657
2410
1285
1766
948
1295
2655
1086
2671
3129
1196
845
2497
1457
208
2511
1367
2876
1480
652
121
1531
1620
1545
3108
495
2017
2213
1557
960
706
1878
1496
2897
998
2552
154
2357
2823
1355
85
2999
951
456
2267
485
1392
2621
1134
1074
1789
3098
2391
657
2123
712
1830
2627
1404
1855
2352
757
618
864
548
375
1315
1658
1662
182
1453
2310
571
1764
381
2738
1723
2960
537
2420
2268
309
993
1251
1788
1783
841
3133
1352
2288
1002
214
1415
301
1652
356
2718
374
283
867
2321
2394
2082
2832
3045
1154
2184
2908
1814
2638
2879
227
810
2788
15
1615
370
2428
1555
246
2516
2187
223
2902
1067
1447
3140
2173
2841
179
2787
1573
2251
262
1847
16
2870
3142
388
2515
3160
1558
2356
2941
1631
3117
869
650
888
1422
573
1659
2590
2535
1167
3124
1229
1872
784
1734
1756
1446
2313
1089
1216
2399
2681
2664
2058
3126
552
1940
462
2473
1290
2101
612
1919
565
1619
2004
1690
156
1547
2364
135
482
1257
2145
3134
2294
142
460
514
1348
1754
1593
1660
3049
1516
233
24
2503
1791
2003
1848
1605
2529
510
1307
1390
311
1862
324
1741
2495
494
1396
211
2955
2574
3048
1006
912
1775
1845
1478
2453
3005
318
1139
1297
55
2106
400
878
2726
2858
448
31
2867
1816
812
2763
46
1220
1544
2375
1072
1525
1885
713
320
2385
1533
3000
442
1958
2724
1055
599
1645
904
1682
550
2677
1323
2958
2567
899
2969
1627
2306
1302
539
958
2109
1584
487
2508
278
2086
913
181
1793
147
2654
2909
1630
1120
716
1484
28
2806
484
3076
2377
2053
2424
1039
1651
1048
2076
2230
2444
2242
2016
606
2008
2851
1696
2609
590
1116
345
2776
1468
116
1159
610
3091
2593
1028
2757
1250
2126
1293
64
398
2507
3131
583
2227
1329
174
1087
275
192
1765
488
1934
11
1105
856
2052
1452
1707
2522
1577
1626
896
1400
2326
2335
1506
464
3145
126
2583
2494
2255
2842
2912
886
1473
411
322
195
321
1178
229
1173
2547
19
2074
1698
542
136
744
699
2903
2476
1269
2478
1187
609
2846
2946
2785
2512
2416
209
2125
338
1088
2771
2415
1256
187
2456
2568
546
1062
1867
2253
2158
823
480
2826
1524
843
1737
2970
1697
598
2138
1738
745
3151
1037
2246
2190
1875
2962
124
1148
119
2805
1369
2314
306
1648
800
2404
2588
2252
2472
117
2149
1808
2501
326
1803
2403
2209
1914
768
2629
2339
1951
798
2502
99
1574
207
3064
113
2579
2884
286
385
2210
1164
100
1371
332
2299
1208
568
721
880
1393
1275
1776
697
2864
3014
531
1920
2151
934
3095
769
688
897
3021
430
1372
2084
957
1410
1560
2464
1815
2078
3031
1274
803
2553
1884
630
104
3026
1431
2278
74
764
137
144
1898
1742
2128
2005
1339
799
674
2290
2430
1521
2793
2206
1762
1825
5
1379
1003
358
3036
914
1230
1579
215
1210
2405
2750
1030
3144
7
2462
3062
793
1564
2592
2176
1571
25
2112
2710
1705
287
2214
968
1259
1082
1770
1377
2885
2837
687
666
1610
540
559
427
1909
371
1988
366
1090
1534
639
1489
1594
526
1977
1470
2895
2928
2896
1612
112
86
2336
731
447
1935
879
1562
2982
412
1076
2564
2401
299
1073
2260
2748
2791
1642
2350
475
1623
2813
2143
833
364
3101
45
976
1868
408
1331
1195
200
1701
2550
859
2467
2433
1258
1376
820
954
2135
1303
932
1983
463
3042
2226
774
2261
2063
857
1918
2801
302
705
1412
1011
600
1896
387
3086
1629
1853
1007
3090
2614
1282
2839
405
822
2769
1380
708
2007
169
2198
395
316
1678
2582
434
432
2883
2881
1673
2103
1247
1859
2653
2686
3119
2538
266
751
1409
1985
2617
848
2441
1953
1683
2636
3001
281
439
1014
151
1907
852
1906
1543
3135
2296
1327
1650
2635
1163
1113
813
3004
729
1165
1097
2942
1915
2719
257
2122
2959
701
533
2936
2760
1015
2124
1870
1194
1950
1359
1171
1341
1681
1736
196
1603
2218
1796
2731
3159
2916
1458
1407
2922
664
1084
1361
940
2386
170
2534
2595
2406
1769
1731
2570
2186
1146
1083
733
1939
71
1722
1403
3023
963
3162
472
2714
1058
1460
984
1728
2499
1111
225
1654
2491
2795
3034
953
1517
1599
1916
2792
2156
578
1572
541
473
2463
2947
145
710
132
1114
242
1402
72
34
738
1936
853
308
1774
3066
17
3138
669
2907
1529
2119
1226
2450
595
2169
1812
493
2816
2474
2266
2683
529
1311
1096
1773
1357
396
665
1621
796
2577
2527
47
917
118
837
530
924
1449
830
1801
1596
1912
2855
983
1368
2254
2964
2753
2243
790
1583
331
821
477
2829
2146
3046
2273
2768
403
2762
987
2234
1494
1176
1127
1231
1306
1616
667
1186
2917
40
1526
1043
2995
438
1174
1279
2506
103
1217
9
469
1970
426
2991
1010
1433
2732
1954
2130
2200
2358
2693
1498
1684
2658
2803
2623
2233
939
2898
508
1680
2307
2224
2720
1667
2643
1264
3161
1228
1655
372
2673
2087
722
921
461
3006
894
105
1541
1947
2519
1743
1029
2551
2221
1019
866
54
2025
1993
2775
1664
1177
1435
2789
2927
2419
654
2680
776
901
2935
557
1199
216
2766
2461
558
1263
1632
1992
1454
2361
2133
2300
1321
1136
656
2713
567
218
3153
288
1823
933
634
2707
1338
2782
782
689
2442
2487
647
2802
2944
177
2075
572
2061
554
2414
131
544
922
1236
1714
1638
1109
1316
376
2080
651
402
663
377
1065
1008
2539
1893
1881
2172
2034
881
466
1518
42
1511
720
3007
2284
1218
918
690
2578
2548
2905
2328
818
1405
150
1450
1589
2409
2240
231
1038
1838
1646
1475
2561
1748
1929
2072
1591
925
2044
303
725
1718
3100
2549
1445
122
1459
2337
2988
1858
673
2468
1829
2656
1926
2280
2844
389
3059
235
905
824
2427
1778
580
1045
1300
2756
1287
1670
365
1021
2107
1181
789
115
1432
1184
206
1513
2919
2274
2077
359
1852
870
947
556
2717
966
2799
1152
2432
637
2961
1101
2744
3043
2780
1448
165
754
130
378
615
2346
2129
189
2649
435
2819
659
2678
330
2454
110
162
791
2698
1012
1503
2093
259
2979
868
1932
1963
2136
753
2272
1414
1129
1292
383
87
2911
704
2811
336
1070
1387
1060
2088
423
1493
394
1724
3118
2305
1672
691
2065
152
166
2925
926
2754
3025
2845
2037
428
3013
2747
607
1439
3110
601
2348
1905
2723
191
642
418
2921
2594
2407
2436
2537
1444
3109
1499
1566
1182
2038
368
2160
2460
1027
528
1931
2334
1104
23
2445
437
328
1865
3052
77
3149
2282
2618
2706
1143
1554
2517
2913
885
1908
2150
1209
975
2276
340
2271
481
1744
1408
2311
834
1123
801
2418
1709
2012
844
157
632
406
2596
2408
2809
1700
2331
1298
3085
2505
2939
1175
1730
2353
1497
1244
1750
2159
1925
254
767
2013
2929
1668
683
1346
1968
2694
1595
2510
1802
3071
1212
2893
1835
1508
2216
1903
604
1004
360
3114
2642
1797
1235
3087
723
139
1753
949
826
197
478
2201
1419
707
58
2586
641
2646
1243
361
1902
2070
835
561
2949
670
68
2752
3053
1942
2287
977
76
1416
1056
1350
2665
832
2558
1873
193
39
3029
2610
819
1882
2620
1923
2193
2660
1137
2624
2675
1539
2163
134
1189
2854
143
503
2576
102
458
2741
930
2797
94
2767
1851
1559
1717
1005
62
3057
1036
2521
2765
2451
2924
155
1020
2121
325
2687
1725
1846
2951
502
2168
1017
603
617
2626
2248
391
1973
2877
1763
2994
1886
198
84
2049
3063
80
902
30
1059
2730
935
1874
1946
2545
2378
2779
2024
597
681
3123
82
1068
3069
872
900
1388
1634
276
14
2725
379
1294
2381
2425
357
1840
3097
2764
1451
106
678
327
244
1158
1585
794
1124
2412
711
2009
1413
36
1997
653
2181
2275
3136
3115
1938
1966
1821
1042
2518
2264
506
88
91
1151
264
362
1119
2029
2546
816
2466
685
2676
2540
746
2448
1618
3033
57
1066
2373
2954
2162
584
334
1465
3016
3148
1883
715
1373
2749
2355
2998
2996
2711
2323
483
307
2605
1200
1567
444
1986
936
1133
2067
1233
1507
1115
2484
1637
2483
2849
986
2085
1301
2974
202
1688
2989
2000
946
2098
887
1694
2359
1759
2833
518
2490
2108
2790
2820
2672
2641
1336
2992
98
1980
2141
2977
384
2543
1799
3003
261
728
417
313
3089
1999
2777
2882
1001
1552
1033
2894
1965
420
380
350
2245
591
2679
2140
2030
2953
1288
1215
1519
188
1474
895
66
817
2859
1810
2459
1130
1811
2382
421
2293
792
938
893
2205
2092
2633
32
500
2137
171
1328
2105
1876
2945
1234
2504
1546
501
2345
2042
75
1095
1749
3051
692
2458
226
2708
3070
2695
1299
67
2640
2285
2971
1249
2486
1289
1530
2372
587
1221
53
3157
2413
390
517
1254
1255
2934
941
2396
2716
1140
908
2684
1819
1636
1879
1268
2940
761
1512
1214
2179
1877
516
369
2475
1779
2113
2099
2796
520
1979
2737
862
2600
1522
2390
1364
613
295
21
2761
2154
2496
2115
2488
413
1179
2349
2948
203
204
79
919
2054
1016
2217
1501
270
3002
989
2277
2455
2231
2035
2536
2616
2575
201
1081
1590
2697
367
2862
519
1389
2286
752
424
1758
3061
724
1440
504
2983
950
1135
795
549
3035
2721
342
2938
1813
2871
2422
2309
854
2387
1383
172
1826
1366
2563
2818
2365
323
2830
2968
3107
1304
1949
1755
1106
3137
1041
2281
643
1040
2758
2142
2342
108
956
3072
1260
3055
279
101
694
553
2973
2852
1798
1844
1191
2393
1485
696
2303
141
296
1960
2157
1185
1382
2471
1009
1897
1023
2542
2736
985
1276
3083
1190
2976
2751
2597
184
1425
2317
2755
1850
742
649
1981
2481
1592
273
1222
2639
2177
2022
760
2110
1843
839
238
638
2661
1286
2237
2319
168
1471
1528
419
1340
1266
1394
2861
1362
2910
1351
2397
2457
128
1034
883
623
2298
858
476
909
294
2297
1871
344
2258
1836
815
1469
509
2175
2847
955
1063
1639
1391
1635
1397
808
1434
2291
3073
22
492
2180
2443
1922
1972
592
740
1854
2773
1565
2985
1365
646
1188
2417
2682
2599
1710
805
2926
594
1225
194
2333
2324
2573
1563
230
2196
1267
1047
2327
732
730
1349
3075
2967
1100
861
479
2081
777
593
532
2865
3127
582
2250
1887
210
1990
1818
2051
1241
2822
2650
3037
2094
770
351
212
3130
29
605
1117
2308
840
337
2835
2637
684
1481
1132
2376
1760
1138
551
628
2701
972
1098
3146
2320
1536
2189
536
2663
1628
1420
2892
1131
455
538
2569
1330
1606
1561
219
2668
1740
797
2423
748
1495
2966
2440
2102
1955
2987
1426
2493
3092
1093
981
747
1170
2585
304
614
1689
2437
2028
10
2343
1576
2232
1757
2651
1442
3054
1046
1227
1051
648
1969
3038
3104
1219
2500
1987
471
2104
2734
2703
749
107
739
1049
1703
2608
1505
1110
525
2411
319
961
2244
1692
741
1156
1487
1892
354
2073
2398
3105
474
2541
2843
69
1962
1570
2984
1719
1126
804
2580
1223
2696
2039
2370
2208
2856
2400
37
2095
2709
1064
1013
2212
2341
1641
2368
2379
44
1971
2900
1183
1800
1284
838
1482
2120
2301
3
1537
2026
1733
1699
990
1782
2810
1913
1550
931
1192
1761
65
2384
890
449
1363
737
661
2071
2132
682
2886
1169
788
1624
160
2557
996
2645
2874
468
70
978
2354
429
41
3050
1054
1308
2915
1206
3068
2434
373
991
971
1588
1711
2906
343
2197
2691
1841
1792
668
2118
2509
2531
1901
27
341
911
2469
401
511
1686
2312
602
1956
1035
3015
1989
2057
3024
63
314
2825
624
1580
1202
2556
1356
1204
2446
1421
2207
175
3088
2452
2722
280
2269
2565
60
2492
1334
1488
2745
759
33
2023
2325
1462
260
1075
443
3113
2178
783
232
2828
1265
2520
1358
709
1319
1253
1150
2644
2090
1832
1695
1125
363
173
256
2241
714
1161
3065
574
1622
1322
645
2292
245
1864
1807
78
2021
2064
1899
999
2033
2438
399
1964
1427
2363
2421
1324
2950
698
125
2351
3141
1732
1786
2889
20
2329
2295
2815
758
2812
2202
1625
3008
1834
2888
393
1604
644
1671
2514
73
1805
3158
3082
825
2814
3077
1424
3074
1354
1418
586
1921
236
2062
1197
619
1406
927
997
397
588
736
979
863
3022
970
3044
3147
2562
138
677
1861
765
2690
333
1611
773
465
2164
781
2657
3040
467
562
755
1510
937
1751
717
2525
2836
982
2498
176
3079
271
163
2236
2674
778
3139
2360
2091
1666
18
1665
2046
1252
2784
1702
1437
884
3156
920
1804
241
1661
1417
2249
1246
1118
671
579
1326
2727
2975
3009
626
2700
2981
2100
2781
221
1527
2166
915
589
2055
771
1587
772
1910
2702
882
2185
1078
2330
339
1455
178
1467
2604
-1
EOF
